gray = [
3.85
3.62 
2.2 
3.0  
3.5 
2.3 
1.92  
1.45   
2.25  
4.18  
3.92  
5.13 
4.65 
];

white = [
5.88 
7.94 
0.88 
7.69
7.0 
2.13
12.5
3.33   
2.56   
5.26  
3.77  
7.80  
0.83  
];

csf = [
0.56 
0.64 
0.61 
0.56 
0.65 
0.60  
0.48  
0.57  
0.56 
]

values from Latikka 2001

white ave=3.91
1   3.61 pm 1.25  n=3
2   4.62 pm 0.28  n=2
4   3.26 pm 0.34  n=2
6   4.77 pm NA    n=1
8   3.31 pm 0.42  n=13

gray ave=3.51
1   1.94  pm NA    n=1
2   5.41  pm 0.67  n=4
3   2.13  pm 0.66  n=3
4   4.07  pm 1.58  n=11
5   4.16  pm  NA   n=1
7   5.01 pm 0.74   n=3
8   2.69 pm 0.46   n=0.046
9   2.64  pm 0.09  n=3

tumors
2.3 to 9.7 ohm-m

csf ave=0.80 ohm-m